[tmp7u115ggg.stl]
size_x = 204.997864
size_y = 202.163071
size_z = 2.000000
min_x = -102.498932
min_y = -102.010704
min_z = 0.000000
max_x = 102.498932
max_y = 100.152367
max_z = 2.000000
number_of_facets = 100612
manifold = yes
number_of_parts =  1
volume = 22020.408203
Nothing to print for /tmp . Either the print is empty or no object is fully inside the print volume.
